Time: 987.756009743 - 987.527368427 = 0.228641316

Destination: 192.168.0.105 (Gaia)
Source: 8.8.8.8 (My PC)
